0 0 0 0 0 0 0 0 0 0 0                    delta = 0.00
151 0 0 0 38 160 340 918 3022 18172 915          0.05
151 0 0 2 494 1352 1610 3018 5542 10632 915      0.1
151 0 0 48 1458 3220 2848 4160 5104 5812 915 
151 0 0 178 2916 4584 3686 4218 3940 3128 915 
151 0 2 406 4284 5284 4146 3962 3052 1514 915 
151 0 12 836 5184 5754 4148 3760 2236 720 915 
151 0 50 1576 5642 5972 4082 3492 1514 322 915 
151 0 106 2390 6004 5786 4028 3196 968 172 915 
151 2 210 3260 6080 5650 3990 2716 638 104 915 
151 8 368 4082 6078 5450 3964 2236 386 78 915 
151 14 680 4740 6100 5214 3834 1730 278 60 915 
151 20 1148 5260 6032 5076 3516 1386 190 22 915 
151 36 1702 5608 6022 4840 3218 1082 140 2 915 
151 68 2376 5886 5966 4546 2918 780 110 0 915 
151 126 3072 6056 5898 4238 2576 604 80 0 915 
151 254 3774 6154 5794 3912 2258 448 56 0 915 
153 410 4426 6258 5572 3634 1960 342 46 0 915 
157 614 5144 6276 5276 3290 1736 280 28 0 915 
157 926 5678 6294 5000 2950 1566 222 8 0 915 